PEDESTRIAN 0 0 0.85 478.65 688.85 519.85 612.51 1.67 0.65 0.6 46.91 10.0 1.34 0.88
SIGN 0 0 1.37 400.11 219.34 499.15 119.95 0.55 0.53 0.1 4.38 -11.67 2.49 1.89
PEDESTRIAN 0 0 2.04 39.42 876.55 295.02 368.11 1.87 0.81 0.61 4.63 -8.24 0.63 2.18
PEDESTRIAN 0 0 0.29 460.83 685.68 498.12 600.91 1.84 0.73 0.65 46.54 10.36 1.51 0.32
SIGN 0 0 3.18 702.65 600.49 725.44 571.48 0.66 0.51 0.11 48.5 5.42 2.77 -3.05
PEDESTRIAN 0 0 6.1 258.63 834.02 332.71 686.12 1.64 0.66 0.58 23.55 -11.33 0.55 -0.16
PEDESTRIAN 0 0 4.85 207.12 831.77 282.72 669.54 1.82 0.72 0.49 24.05 -10.95 0.65 -1.41
SIGN 0 0 3.17 717.73 574.32 739.18 550.69 0.54 0.48 0.11 48.56 5.1 3.3 -3.05
VEHICLE 0 0 5.25 1203.72 711.75 1830.43 520.57 1.48 2.16 4.86 16.93 9.01 2.07 -0.92
SIGN 0 0 3.3 301.02 79.54 375.37 0.0 0.75 0.84 0.13 -4.74 20.51 3.82 -0.52
VEHICLE 0 0 5.86 116.86 985.57 487.2 669.91 1.86 2.23 5.2 16.31 -7.5 0.75 -0.38
VEHICLE 0 0 5.94 1445.92 833.15 1659.53 657.01 1.8 2.26 4.86 26.52 -7.38 0.61 -0.32
SIGN 0 0 3.99 815.67 139.93 842.27 101.51 0.49 0.48 0.05 -0.28 27.37 3.26 -0.64
PEDESTRIAN 0 0 4.57 0.0 651.71 1.36 345.12 1.69 0.63 0.79 7.57 -11.92 0.62 -1.63
VEHICLE 0 0 5.68 0.0 886.0 396.17 412.25 1.57 1.85 4.22 5.71 -7.33 0.53 -0.51
PEDESTRIAN 0 0 3.84 941.53 1280.0 1142.05 721.11 1.86 1.01 0.62 6.51 -5.43 0.8 -2.32
VEHICLE 0 0 4.96 1399.57 415.68 1920.0 0.0 1.74 2.21 5.1 6.22 10.22 2.15 -0.99
SIGN 0 0 1.52 238.91 640.43 266.26 592.58 0.62 0.56 0.09 26.82 -12.4 2.19 1.6
SIGN 0 0 2.9 925.13 173.58 942.1 152.21 0.54 0.45 0.08 0.89 52.87 3.24 -2.08
PEDESTRIAN 0 0 4.58 1423.62 1014.13 1660.24 706.58 1.79 0.9 1.27 8.27 -12.04 0.62 -1.63
PEDESTRIAN 0 0 4.66 325.13 830.38 421.88 680.99 1.66 0.76 0.82 23.17 -12.1 0.58 -1.6
