PEDESTRIAN 0 0 0.84 468.91 689.45 510.48 612.4 1.67 0.65 0.6 46.49 10.12 1.34 0.87 8-7bTNGWUlWqADUHKbnjqg
SIGN 0 0 1.34 461.2 218.59 560.13 119.09 0.55 0.53 0.1 4.04 -11.66 2.49 1.89 BwJOPNQvx-THbV3nUp9zcA
PEDESTRIAN 0 0 2.03 124.8 881.15 383.55 367.75 1.87 0.81 0.61 4.28 -8.21 0.64 2.18 EwfRRWAifjzr6EZK8k2dMA
PEDESTRIAN 0 0 0.25 450.88 686.21 487.4 600.68 1.84 0.73 0.65 46.13 10.49 1.51 0.29 FsNFk3PanpdmdhRZ7ssgKw
SIGN 0 0 3.18 694.87 600.23 717.87 570.98 0.66 0.51 0.11 48.11 5.55 2.77 -3.05 G0qaOGP_GBEh_ik0uOY87A
PEDESTRIAN 0 0 6.1 267.54 836.19 342.69 686.41 1.64 0.66 0.58 23.21 -11.27 0.55 -0.16 RTdkemMSTMa3JpdMGAcdig
PEDESTRIAN 0 0 4.85 215.09 833.94 291.75 669.64 1.82 0.72 0.49 23.7 -10.89 0.66 -1.4 R_VsxykINBZEaoVVQdAPdA
SIGN 0 0 3.17 710.05 573.85 731.69 550.02 0.54 0.48 0.11 48.17 5.23 3.31 -3.05 SPMlMu0aQQOvZCaiqAKCrA
VEHICLE 0 0 5.25 1168.92 713.73 1804.98 519.38 1.48 2.16 4.86 16.53 9.05 2.06 -0.91 SnwlazQcof-qak374dgUsA
SIGN 0 0 3.26 256.94 79.56 332.41 0.0 0.75 0.84 0.13 -5.17 20.5 3.82 -0.52 Xm5giQIS5bV342unsdU2XQ
VEHICLE 0 0 5.86 128.21 993.17 512.07 670.19 1.86 2.23 5.2 15.96 -7.46 0.75 -0.38 YA5DaaM-3c0m2CvGtUt8aA
VEHICLE 0 0 5.95 1447.95 836.31 1665.11 657.27 1.8 2.26 4.86 26.17 -7.31 0.61 -0.31 hLMM21TleJblWvb6u9DdAw
SIGN 0 0 3.86 781.75 140.51 808.75 102.1 0.49 0.48 0.05 -0.73 27.37 3.25 -0.63 hP8eCiE_u5GPRv6wnv1M0w
PEDESTRIAN 0 0 4.57 0.0 653.49 54.61 345.04 1.69 0.63 0.79 7.23 -11.9 0.63 -1.63 hRryisPj50dcwjqAaeJ2qQ
VEHICLE 0 0 5.67 0.0 886.0 499.74 413.74 1.57 1.85 4.22 5.36 -7.31 0.54 -0.51 iHJA0VqzApH34jxiPdhoeA
PEDESTRIAN 0 0 3.84 1007.45 1280.0 1227.21 723.92 1.86 1.01 0.62 6.15 -5.41 0.8 -2.31 pBgCQS7AUpYFOwhT0sCVyg
VEHICLE 0 0 4.94 1328.45 420.41 1920.0 0.0 1.74 2.21 5.1 5.82 10.24 2.14 -0.99 pCIpQVLcav8I4aZQmxG8ZQ
SIGN 0 0 1.52 245.79 640.12 273.63 591.73 0.62 0.56 0.09 26.48 -12.32 2.2 1.6 pt5py7khvvxTFwodJAV2vw
SIGN 0 0 2.75 905.04 173.99 921.98 152.62 0.54 0.45 0.08 0.37 52.87 3.22 -2.07 qZSJRFIlMdD3YUrSt_ALMA
PEDESTRIAN 0 0 4.58 1470.28 1021.11 1710.06 707.23 1.79 0.9 1.27 7.93 -12.03 0.63 -1.63 u9qvFlUviXk49iQLcq_gew
PEDESTRIAN 0 0 4.66 334.57 832.5 432.57 681.24 1.66 0.76 0.82 22.83 -12.03 0.59 -1.6 zZaTlJXPZtrVXLCHMrZfKA
